49
51
70
73
4
76
2
17
38
70
3
57
22
55
6
30
76
16
63
27
58
73
7
24
76
53
69
17
57
11
44
40
74
60
91
16
61
43
28
59
96
51
75
15
55
73
63
81
81
56
97
70
34
58
28
7
27
0
22
33
94
1
49
11
88
43
64
4
73
16
89
96
60
1
91
91
26
1
56
5
57
65
49
73
4
67
67
85
16
81
29
90
87
88
17
41
54
75
16
34
15
38
38
14
16
3
31
73
70
16
19
70
90
79
41
99
90
68
15
40
93
1
43
3
92
12
79
42
84
61
55
46
89
51
55
96
82
22
55
98
32
94
70
44
94
67
80
9
41
93
21
82
12
56
51
29
60
61
32
58
22
39
33
95
20
77
35
3
49
45
84
54
47
19
90
59
7
16
79
31
92
70
77
86
7
76
34
48
47
31
80
86
84
69
86
62
71
61
31
13
80
80
89
33
36
83
99
40
95
35
96
76
21
66
50
76
81
99
82
75
94
10
15
76
6
74
75
3
86
19
51
20
21
56
2
78
19
14
29
93
76
95
98
37
80
23
34
60
22
81
17
15
77
90
72
62
85
66
35
5
90
3
39
94
7
8
88
38
26
20
95
64
52
29
93
54
42
76
83
2
41
33
10
16
35
50
77
15
19
66
91
21
71
57
39
45
86
21
86
68
32
88
90
16
17
51
93
10
18
28
94
54
64
63
58
69
77
68
8
23
69
69
73
59
92
49
98
96
5
66
64
22
95
92
54
9
65
48
35
38
81
72
11
65
26
28
72
51
50
10
54
62
43
35
55
54
90
39
25
71
46
87
90
57
11
34
59
8
67
61
90
62
79
93
53
58
95
95
40
10
91
90
6
69
65
53
37
43
44
23
44
35
72
33
21
28
25
27
56
43
71
40
27
57
35
29
14
85
55
69
86
57
43
66
5
22
59
6
1
82
39
73
43
98
23
48
52
85
9
56
58
8
4
77
20
16
97
69
88
90
85
17
39
89
63
47
12
75
70
63
65
42
82
92
53
70
47
30
39
73
90
87
70
86
92
71
55
15
78
1
80
65
67
27
90
10
74
93
17
31
56
39
8
68
86
70
16
85
52
37
83
75
53
69
53
29
6
22
75
93
